[[0. 0. 0. 0. 0. 0. 0.]
 [0. 0. 0. 0. 0. 0. 0.]
 [0. 0. 0. 0. 0. 0. 0.]
 [0. 0. 0. 0. 0. 0. 0.]
 [0. 0. 0. 0. 0. 0. 0.]
 [0. 0. 0. 0. 0. 0. 0.]]Building Board!
[[0. 0. 0. 0. 0. 0. 0.]
 [0. 0. 0. 0. 0. 0. 0.]
 [0. 0. 0. 0. 0. 0. 0.]
 [0. 0. 0. 0. 0. 0. 0.]
 [0. 0. 0. 0. 0. 0. 0.]
 [0. 0. 1. 0. 0. 0. 0.]]Building Board!
[[0. 0. 0. 0. 0. 0. 0.]
 [0. 0. 0. 0. 0. 0. 0.]
 [0. 0. 0. 0. 0. 0. 0.]
 [0. 0. 0. 0. 0. 0. 0.]
 [0. 0. 0. 0. 0. 0. 0.]
 [0. 0. 1. 2. 0. 0. 0.]]Building Board!
[[0. 0. 0. 0. 0. 0. 0.]
 [0. 0. 0. 0. 0. 0. 0.]
 [0. 0. 0. 0. 0. 0. 0.]
 [0. 0. 0. 0. 0. 0. 0.]
 [0. 0. 1. 0. 0. 0. 0.]
 [0. 0. 1. 2. 0. 0. 0.]]Building Board!
[[0. 0. 0. 0. 0. 0. 0.]
 [0. 0. 0. 0. 0. 0. 0.]
 [0. 0. 0. 0. 0. 0. 0.]
 [0. 0. 0. 0. 0. 0. 0.]
 [0. 0. 1. 2. 0. 0. 0.]
 [0. 0. 1. 2. 0. 0. 0.]]Building Board!
[[0. 0. 0. 0. 0. 0. 0.]
 [0. 0. 0. 0. 0. 0. 0.]
 [0. 0. 0. 0. 0. 0. 0.]
 [0. 0. 1. 0. 0. 0. 0.]
 [0. 0. 1. 2. 0. 0. 0.]
 [0. 0. 1. 2. 0. 0. 0.]]Building Board!
[[0. 0. 0. 0. 0. 0. 0.]
 [0. 0. 0. 0. 0. 0. 0.]
 [0. 0. 0. 0. 0. 0. 0.]
 [0. 0. 1. 2. 0. 0. 0.]
 [0. 0. 1. 2. 0. 0. 0.]
 [0. 0. 1. 2. 0. 0. 0.]]Building Board!
PLAYER ONE WINS
[[0. 0. 0. 0. 0. 0. 0.]
 [0. 0. 0. 0. 0. 0. 0.]
 [0. 0. 1. 0. 0. 0. 0.]
 [0. 0. 1. 2. 0. 0. 0.]
 [0. 0. 1. 2. 0. 0. 0.]
 [0. 0. 1. 2. 0. 0. 0.]]Building Board!
[[0. 0. 0. 0. 0. 0. 0.]
 [0. 0. 0. 0. 0. 0. 0.]
 [0. 0. 0. 0. 0. 0. 0.]
 [0. 0. 0. 0. 0. 0. 0.]
 [0. 0. 0. 0. 0. 0. 0.]
 [0. 0. 0. 0. 0. 0. 0.]]Building Board!
[[0. 0. 0. 0. 0. 0. 0.]
 [0. 0. 0. 0. 0. 0. 0.]
 [0. 0. 0. 0. 0. 0. 0.]
 [0. 0. 0. 0. 0. 0. 0.]
 [0. 0. 0. 0. 0. 0. 0.]
 [0. 0. 1. 0. 0. 0. 0.]]Building Board!
[[0. 0. 0. 0. 0. 0. 0.]
 [0. 0. 0. 0. 0. 0. 0.]
 [0. 0. 0. 0. 0. 0. 0.]
 [0. 0. 0. 0. 0. 0. 0.]
 [0. 0. 0. 0. 0. 0. 0.]
 [0. 0. 1. 2. 0. 0. 0.]]Building Board!
[[0. 0. 0. 0. 0. 0. 0.]
 [0. 0. 0. 0. 0. 0. 0.]
 [0. 0. 0. 0. 0. 0. 0.]
 [0. 0. 0. 0. 0. 0. 0.]
 [0. 0. 1. 0. 0. 0. 0.]
 [0. 0. 1. 2. 0. 0. 0.]]Building Board!
[[0. 0. 0. 0. 0. 0. 0.]
 [0. 0. 0. 0. 0. 0. 0.]
 [0. 0. 0. 0. 0. 0. 0.]
 [0. 0. 0. 0. 0. 0. 0.]
 [0. 0. 1. 2. 0. 0. 0.]
 [0. 0. 1. 2. 0. 0. 0.]]Building Board!
[[0. 0. 0. 0. 0. 0. 0.]
 [0. 0. 0. 0. 0. 0. 0.]
 [0. 0. 0. 0. 0. 0. 0.]
 [0. 0. 1. 0. 0. 0. 0.]
 [0. 0. 1. 2. 0. 0. 0.]
 [0. 0. 1. 2. 0. 0. 0.]]Building Board!
[[0. 0. 0. 0. 0. 0. 0.]
 [0. 0. 0. 0. 0. 0. 0.]
 [0. 0. 0. 0. 0. 0. 0.]
 [0. 0. 1. 2. 0. 0. 0.]
 [0. 0. 1. 2. 0. 0. 0.]
 [0. 0. 1. 2. 0. 0. 0.]]Building Board!
PLAYER ONE WINS
[[0. 0. 0. 0. 0. 0. 0.]
 [0. 0. 0. 0. 0. 0. 0.]
 [0. 0. 1. 0. 0. 0. 0.]
 [0. 0. 1. 2. 0. 0. 0.]
 [0. 0. 1. 2. 0. 0. 0.]
 [0. 0. 1. 2. 0. 0. 0.]]Building Board!
[[0. 0. 0. 0. 0. 0. 0.]
 [0. 0. 0. 0. 0. 0. 0.]
 [0. 0. 0. 0. 0. 0. 0.]
 [0. 0. 0. 0. 0. 0. 0.]
 [0. 0. 0. 0. 0. 0. 0.]
 [0. 0. 0. 0. 0. 0. 0.]]Building Board!
[[0. 0. 0. 0. 0. 0. 0.]
 [0. 0. 0. 0. 0. 0. 0.]
 [0. 0. 0. 0. 0. 0. 0.]
 [0. 0. 0. 0. 0. 0. 0.]
 [0. 0. 0. 0. 0. 0. 0.]
 [0. 0. 1. 0. 0. 0. 0.]]Building Board!
[[0. 0. 0. 0. 0. 0. 0.]
 [0. 0. 0. 0. 0. 0. 0.]
 [0. 0. 0. 0. 0. 0. 0.]
 [0. 0. 0. 0. 0. 0. 0.]
 [0. 0. 0. 0. 0. 0. 0.]
 [0. 2. 1. 0. 0. 0. 0.]]Building Board!
[[0. 0. 0. 0. 0. 0. 0.]
 [0. 0. 0. 0. 0. 0. 0.]
 [0. 0. 0. 0. 0. 0. 0.]
 [0. 0. 0. 0. 0. 0. 0.]
 [0. 0. 0. 0. 0. 0. 0.]
 [0. 2. 1. 1. 0. 0. 0.]]Building Board!
[[0. 0. 0. 0. 0. 0. 0.]
 [0. 0. 0. 0. 0. 0. 0.]
 [0. 0. 0. 0. 0. 0. 0.]
 [0. 0. 0. 0. 0. 0. 0.]
 [0. 0. 0. 0. 0. 0. 0.]
 [2. 2. 1. 1. 0. 0. 0.]]Building Board!
[[0. 0. 0. 0. 0. 0. 0.]
 [0. 0. 0. 0. 0. 0. 0.]
 [0. 0. 0. 0. 0. 0. 0.]
 [0. 0. 0. 0. 0. 0. 0.]
 [0. 0. 1. 0. 0. 0. 0.]
 [2. 2. 1. 1. 0. 0. 0.]]Building Board!
[[0. 0. 0. 0. 0. 0. 0.]
 [0. 0. 0. 0. 0. 0. 0.]
 [0. 0. 0. 0. 0. 0. 0.]
 [0. 0. 0. 0. 0. 0. 0.]
 [2. 0. 1. 0. 0. 0. 0.]
 [2. 2. 1. 1. 0. 0. 0.]]Building Board!
[[0. 0. 0. 0. 0. 0. 0.]
 [0. 0. 0. 0. 0. 0. 0.]
 [0. 0. 0. 0. 0. 0. 0.]
 [0. 0. 0. 0. 0. 0. 0.]
 [2. 0. 1. 1. 0. 0. 0.]
 [2. 2. 1. 1. 0. 0. 0.]]Building Board!
[[0. 0. 0. 0. 0. 0. 0.]
 [0. 0. 0. 0. 0. 0. 0.]
 [0. 0. 0. 0. 0. 0. 0.]
 [0. 0. 0. 0. 0. 0. 0.]
 [2. 2. 1. 1. 0. 0. 0.]
 [2. 2. 1. 1. 0. 0. 0.]]Building Board!
[[0. 0. 0. 0. 0. 0. 0.]
 [0. 0. 0. 0. 0. 0. 0.]
 [0. 0. 0. 0. 0. 0. 0.]
 [0. 0. 1. 0. 0. 0. 0.]
 [2. 2. 1. 1. 0. 0. 0.]
 [2. 2. 1. 1. 0. 0. 0.]]Building Board!
[[0. 0. 0. 0. 0. 0. 0.]
 [0. 0. 0. 0. 0. 0. 0.]
 [0. 0. 2. 0. 0. 0. 0.]
 [0. 0. 1. 0. 0. 0. 0.]
 [2. 2. 1. 1. 0. 0. 0.]
 [2. 2. 1. 1. 0. 0. 0.]]Building Board!
[[0. 0. 0. 0. 0. 0. 0.]
 [0. 0. 0. 0. 0. 0. 0.]
 [0. 0. 2. 0. 0. 0. 0.]
 [0. 0. 1. 1. 0. 0. 0.]
 [2. 2. 1. 1. 0. 0. 0.]
 [2. 2. 1. 1. 0. 0. 0.]]Building Board!
[[0. 0. 0. 0. 0. 0. 0.]
 [0. 0. 0. 0. 0. 0. 0.]
 [0. 0. 2. 0. 0. 0. 0.]
 [2. 0. 1. 1. 0. 0. 0.]
 [2. 2. 1. 1. 0. 0. 0.]
 [2. 2. 1. 1. 0. 0. 0.]]Building Board!
[[0. 0. 0. 0. 0. 0. 0.]
 [0. 0. 1. 0. 0. 0. 0.]
 [0. 0. 2. 0. 0. 0. 0.]
 [2. 0. 1. 1. 0. 0. 0.]
 [2. 2. 1. 1. 0. 0. 0.]
 [2. 2. 1. 1. 0. 0. 0.]]Building Board!
[[0. 0. 0. 0. 0. 0. 0.]
 [0. 0. 1. 0. 0. 0. 0.]
 [0. 0. 2. 0. 0. 0. 0.]
 [2. 0. 1. 1. 0. 0. 0.]
 [2. 2. 1. 1. 0. 0. 0.]
 [2. 2. 1. 1. 0. 2. 0.]]Building Board!
PLAYER ONE WINS
[[0. 0. 0. 0. 0. 0. 0.]
 [0. 0. 1. 0. 0. 0. 0.]
 [0. 0. 2. 1. 0. 0. 0.]
 [2. 0. 1. 1. 0. 0. 0.]
 [2. 2. 1. 1. 0. 0. 0.]
 [2. 2. 1. 1. 0. 2. 0.]]Building Board!
[[0. 0. 0. 0. 0. 0. 0.]
 [0. 0. 1. 0. 0. 0. 0.]
 [0. 0. 2. 1. 0. 0. 0.]
 [2. 2. 1. 1. 0. 0. 0.]
 [2. 2. 1. 1. 0. 0. 0.]
 [2. 2. 1. 1. 0. 2. 0.]]Building Board!
[[0. 0. 0. 0. 0. 0. 0.]
 [0. 0. 0. 0. 0. 0. 0.]
 [0. 0. 0. 0. 0. 0. 0.]
 [0. 0. 0. 0. 0. 0. 0.]
 [0. 0. 0. 0. 0. 0. 0.]
 [0. 0. 0. 0. 0. 0. 0.]]Building Board!
[[0. 0. 0. 0. 0. 0. 0.]
 [0. 0. 0. 0. 0. 0. 0.]
 [0. 0. 0. 0. 0. 0. 0.]
 [0. 0. 0. 0. 0. 0. 0.]
 [0. 0. 0. 0. 0. 0. 0.]
 [0. 0. 0. 0. 1. 0. 0.]]Building Board!
[[0. 0. 0. 0. 0. 0. 0.]
 [0. 0. 0. 0. 0. 0. 0.]
 [0. 0. 0. 0. 0. 0. 0.]
 [0. 0. 0. 0. 0. 0. 0.]
 [0. 0. 0. 0. 0. 0. 0.]
 [2. 0. 0. 0. 1. 0. 0.]]Building Board!
[[0. 0. 0. 0. 0. 0. 0.]
 [0. 0. 0. 0. 0. 0. 0.]
 [0. 0. 0. 0. 0. 0. 0.]
 [0. 0. 0. 0. 0. 0. 0.]
 [0. 0. 0. 0. 0. 0. 0.]
 [2. 0. 0. 1. 1. 0. 0.]]Building Board!
[[0. 0. 0. 0. 0. 0. 0.]
 [0. 0. 0. 0. 0. 0. 0.]
 [0. 0. 0. 0. 0. 0. 0.]
 [0. 0. 0. 0. 0. 0. 0.]
 [0. 0. 0. 0. 2. 0. 0.]
 [2. 0. 0. 1. 1. 0. 0.]]Building Board!
[[0. 0. 0. 0. 0. 0. 0.]
 [0. 0. 0. 0. 0. 0. 0.]
 [0. 0. 0. 0. 0. 0. 0.]
 [0. 0. 0. 0. 0. 0. 0.]
 [0. 0. 0. 0. 2. 0. 0.]
 [2. 0. 0. 1. 1. 1. 0.]]Building Board!
[[0. 0. 0. 0. 0. 0. 0.]
 [0. 0. 0. 0. 0. 0. 0.]
 [0. 0. 0. 0. 0. 0. 0.]
 [0. 0. 0. 0. 0. 0. 0.]
 [2. 0. 0. 0. 2. 0. 0.]
 [2. 0. 0. 1. 1. 1. 0.]]Building Board!
[[0. 0. 0. 0. 0. 0. 0.]
 [0. 0. 0. 0. 0. 0. 0.]
 [0. 0. 0. 0. 0. 0. 0.]
 [0. 0. 0. 0. 0. 0. 0.]
 [2. 0. 0. 1. 2. 0. 0.]
 [2. 0. 0. 1. 1. 1. 0.]]Building Board!
[[0. 0. 0. 0. 0. 0. 0.]
 [0. 0. 0. 0. 0. 0. 0.]
 [0. 0. 0. 0. 0. 0. 0.]
 [0. 0. 0. 2. 0. 0. 0.]
 [2. 0. 0. 1. 2. 0. 0.]
 [2. 0. 0. 1. 1. 1. 0.]]Building Board!
[[0. 0. 0. 0. 0. 0. 0.]
 [0. 0. 0. 0. 0. 0. 0.]
 [0. 0. 0. 0. 0. 0. 0.]
 [0. 0. 0. 2. 1. 0. 0.]
 [2. 0. 0. 1. 2. 0. 0.]
 [2. 0. 0. 1. 1. 1. 0.]]Building Board!
[[0. 0. 0. 0. 0. 0. 0.]
 [0. 0. 0. 0. 0. 0. 0.]
 [0. 0. 0. 2. 0. 0. 0.]
 [0. 0. 0. 2. 1. 0. 0.]
 [2. 0. 0. 1. 2. 0. 0.]
 [2. 0. 0. 1. 1. 1. 0.]]Building Board!
[[0. 0. 0. 0. 0. 0. 0.]
 [0. 0. 0. 1. 0. 0. 0.]
 [0. 0. 0. 2. 0. 0. 0.]
 [0. 0. 0. 2. 1. 0. 0.]
 [2. 0. 0. 1. 2. 0. 0.]
 [2. 0. 0. 1. 1. 1. 0.]]Building Board!
[[0. 0. 0. 0. 0. 0. 0.]
 [0. 0. 0. 1. 0. 0. 0.]
 [0. 0. 0. 2. 0. 0. 0.]
 [0. 0. 0. 2. 1. 0. 0.]
 [2. 0. 0. 1. 2. 0. 0.]
 [2. 2. 0. 1. 1. 1. 0.]]Building Board!
[[0. 0. 0. 0. 0. 0. 0.]
 [0. 0. 0. 1. 0. 0. 0.]
 [0. 0. 0. 2. 0. 0. 0.]
 [0. 0. 0. 2. 1. 0. 0.]
 [2. 0. 0. 1. 2. 1. 0.]
 [2. 2. 0. 1. 1. 1. 0.]]Building Board!
[[0. 0. 0. 2. 0. 0. 0.]
 [0. 0. 0. 1. 0. 0. 0.]
 [0. 0. 0. 2. 0. 0. 0.]
 [0. 0. 0. 2. 1. 0. 0.]
 [2. 0. 0. 1. 2. 1. 0.]
 [2. 2. 0. 1. 1. 1. 0.]]Building Board!
[[0. 0. 0. 2. 0. 0. 0.]
 [0. 0. 0. 1. 0. 0. 0.]
 [0. 0. 0. 2. 1. 0. 0.]
 [0. 0. 0. 2. 1. 0. 0.]
 [2. 0. 0. 1. 2. 1. 0.]
 [2. 2. 0. 1. 1. 1. 0.]]Building Board!
[[0. 0. 0. 2. 0. 0. 0.]
 [0. 0. 0. 1. 0. 0. 0.]
 [0. 0. 0. 2. 1. 0. 0.]
 [0. 0. 0. 2. 1. 0. 0.]
 [2. 0. 0. 1. 2. 1. 0.]
 [2. 2. 2. 1. 1. 1. 0.]]Building Board!
[[0. 0. 0. 2. 0. 0. 0.]
 [0. 0. 0. 1. 0. 0. 0.]
 [0. 0. 0. 2. 1. 0. 0.]
 [0. 0. 0. 2. 1. 1. 0.]
 [2. 0. 0. 1. 2. 1. 0.]
 [2. 2. 2. 1. 1. 1. 0.]]Building Board!
[[0. 0. 0. 2. 0. 0. 0.]
 [0. 0. 0. 1. 2. 0. 0.]
 [0. 0. 0. 2. 1. 0. 0.]
 [0. 0. 0. 2. 1. 1. 0.]
 [2. 0. 0. 1. 2. 1. 0.]
 [2. 2. 2. 1. 1. 1. 0.]]Building Board!
PLAYER ONE WINS
[[0. 0. 0. 2. 0. 0. 0.]
 [0. 0. 0. 1. 2. 0. 0.]
 [0. 0. 0. 2. 1. 1. 0.]
 [0. 0. 0. 2. 1. 1. 0.]
 [2. 0. 0. 1. 2. 1. 0.]
 [2. 2. 2. 1. 1. 1. 0.]]Building Board!
[[0. 0. 0. 2. 0. 0. 0.]
 [0. 0. 0. 1. 2. 0. 0.]
 [0. 0. 0. 2. 1. 1. 0.]
 [2. 0. 0. 2. 1. 1. 0.]
 [2. 0. 0. 1. 2. 1. 0.]
 [2. 2. 2. 1. 1. 1. 0.]]Building Board!
[[0. 0. 0. 0. 0. 0. 0.]
 [0. 0. 0. 0. 0. 0. 0.]
 [0. 0. 0. 0. 0. 0. 0.]
 [0. 0. 0. 0. 0. 0. 0.]
 [0. 0. 0. 0. 0. 0. 0.]
 [0. 0. 0. 0. 0. 0. 0.]]Building Board!
[[0. 0. 0. 0. 0. 0. 0.]
 [0. 0. 0. 0. 0. 0. 0.]
 [0. 0. 0. 0. 0. 0. 0.]
 [0. 0. 0. 0. 0. 0. 0.]
 [0. 0. 0. 0. 0. 0. 0.]
 [0. 0. 0. 1. 0. 0. 0.]]Building Board!
[[0. 0. 0. 0. 0. 0. 0.]
 [0. 0. 0. 0. 0. 0. 0.]
 [0. 0. 0. 0. 0. 0. 0.]
 [0. 0. 0. 0. 0. 0. 0.]
 [0. 0. 0. 2. 0. 0. 0.]
 [0. 0. 0. 1. 0. 0. 0.]]Building Board!
[[0. 0. 0. 0. 0. 0. 0.]
 [0. 0. 0. 0. 0. 0. 0.]
 [0. 0. 0. 0. 0. 0. 0.]
 [0. 0. 0. 0. 0. 0. 0.]
 [0. 0. 0. 2. 0. 0. 0.]
 [0. 0. 0. 1. 1. 0. 0.]]Building Board!
[[0. 0. 0. 0. 0. 0. 0.]
 [0. 0. 0. 0. 0. 0. 0.]
 [0. 0. 0. 0. 0. 0. 0.]
 [0. 0. 0. 0. 0. 0. 0.]
 [0. 0. 0. 2. 0. 0. 0.]
 [0. 0. 2. 1. 1. 0. 0.]]Building Board!
[[0. 0. 0. 0. 0. 0. 0.]
 [0. 0. 0. 0. 0. 0. 0.]
 [0. 0. 0. 0. 0. 0. 0.]
 [0. 0. 0. 0. 0. 0. 0.]
 [0. 0. 1. 2. 0. 0. 0.]
 [0. 0. 2. 1. 1. 0. 0.]]Building Board!
[[0. 0. 0. 0. 0. 0. 0.]
 [0. 0. 0. 0. 0. 0. 0.]
 [0. 0. 0. 0. 0. 0. 0.]
 [0. 0. 2. 0. 0. 0. 0.]
 [0. 0. 1. 2. 0. 0. 0.]
 [0. 0. 2. 1. 1. 0. 0.]]Building Board!
[[0. 0. 0. 0. 0. 0. 0.]
 [0. 0. 0. 0. 0. 0. 0.]
 [0. 0. 0. 0. 0. 0. 0.]
 [0. 0. 2. 0. 0. 0. 0.]
 [0. 0. 1. 2. 1. 0. 0.]
 [0. 0. 2. 1. 1. 0. 0.]]Building Board!
[[0. 0. 0. 0. 0. 0. 0.]
 [0. 0. 0. 0. 0. 0. 0.]
 [0. 0. 0. 0. 0. 0. 0.]
 [0. 0. 2. 0. 2. 0. 0.]
 [0. 0. 1. 2. 1. 0. 0.]
 [0. 0. 2. 1. 1. 0. 0.]]Building Board!
[[0. 0. 0. 0. 0. 0. 0.]
 [0. 0. 0. 0. 0. 0. 0.]
 [0. 0. 0. 0. 0. 0. 0.]
 [0. 0. 2. 0. 2. 0. 0.]
 [0. 0. 1. 2. 1. 0. 0.]
 [0. 0. 2. 1. 1. 1. 0.]]Building Board!
[[0. 0. 0. 0. 0. 0. 0.]
 [0. 0. 0. 0. 0. 0. 0.]
 [0. 0. 0. 0. 0. 0. 0.]
 [0. 0. 2. 0. 2. 0. 0.]
 [0. 0. 1. 2. 1. 0. 0.]
 [0. 0. 2. 1. 1. 1. 2.]]Building Board!
[[0. 0. 0. 0. 0. 0. 0.]
 [0. 0. 0. 0. 0. 0. 0.]
 [0. 0. 0. 0. 0. 0. 0.]
 [0. 0. 2. 0. 2. 0. 0.]
 [0. 0. 1. 2. 1. 1. 0.]
 [0. 0. 2. 1. 1. 1. 2.]]Building Board!
[[0. 0. 0. 0. 0. 0. 0.]
 [0. 0. 0. 0. 0. 0. 0.]
 [0. 0. 0. 0. 0. 0. 0.]
 [0. 0. 2. 2. 2. 0. 0.]
 [0. 0. 1. 2. 1. 1. 0.]
 [0. 0. 2. 1. 1. 1. 2.]]Building Board!
[[0. 0. 0. 0. 0. 0. 0.]
 [0. 0. 0. 0. 0. 0. 0.]
 [0. 0. 0. 0. 0. 0. 0.]
 [0. 0. 2. 2. 2. 1. 0.]
 [0. 0. 1. 2. 1. 1. 0.]
 [0. 0. 2. 1. 1. 1. 2.]]Building Board!
PLAYER TWO WINS
[[0. 0. 0. 0. 0. 0. 0.]
 [0. 0. 0. 0. 0. 0. 0.]
 [0. 0. 0. 0. 0. 2. 0.]
 [0. 0. 2. 2. 2. 1. 0.]
 [0. 0. 1. 2. 1. 1. 0.]
 [0. 0. 2. 1. 1. 1. 2.]]Building Board!
[[0. 0. 0. 0. 0. 0. 0.]
 [0. 0. 0. 0. 0. 0. 0.]
 [0. 0. 0. 0. 0. 0. 0.]
 [0. 0. 0. 0. 0. 0. 0.]
 [0. 0. 0. 0. 0. 0. 0.]
 [0. 0. 0. 0. 0. 0. 0.]]Building Board!
[[0. 0. 0. 0. 0. 0. 0.]
 [0. 0. 0. 0. 0. 0. 0.]
 [0. 0. 0. 0. 0. 0. 0.]
 [0. 0. 0. 0. 0. 0. 0.]
 [0. 0. 0. 0. 0. 0. 0.]
 [0. 0. 0. 1. 0. 0. 0.]]Building Board!
[[0. 0. 0. 0. 0. 0. 0.]
 [0. 0. 0. 0. 0. 0. 0.]
 [0. 0. 0. 0. 0. 0. 0.]
 [0. 0. 0. 0. 0. 0. 0.]
 [0. 0. 0. 2. 0. 0. 0.]
 [0. 0. 0. 1. 0. 0. 0.]]Building Board!
[[0. 0. 0. 0. 0. 0. 0.]
 [0. 0. 0. 0. 0. 0. 0.]
 [0. 0. 0. 0. 0. 0. 0.]
 [0. 0. 0. 0. 0. 0. 0.]
 [0. 0. 0. 2. 0. 0. 0.]
 [0. 0. 0. 1. 1. 0. 0.]]Building Board!
[[0. 0. 0. 0. 0. 0. 0.]
 [0. 0. 0. 0. 0. 0. 0.]
 [0. 0. 0. 0. 0. 0. 0.]
 [0. 0. 0. 0. 0. 0. 0.]
 [0. 0. 0. 2. 0. 0. 0.]
 [2. 0. 0. 1. 1. 0. 0.]]Building Board!
[[0. 0. 0. 0. 0. 0. 0.]
 [0. 0. 0. 0. 0. 0. 0.]
 [0. 0. 0. 0. 0. 0. 0.]
 [0. 0. 0. 0. 0. 0. 0.]
 [0. 0. 0. 2. 1. 0. 0.]
 [2. 0. 0. 1. 1. 0. 0.]]Building Board!
[[0. 0. 0. 0. 0. 0. 0.]
 [0. 0. 0. 0. 0. 0. 0.]
 [0. 0. 0. 0. 0. 0. 0.]
 [0. 0. 0. 0. 2. 0. 0.]
 [0. 0. 0. 2. 1. 0. 0.]
 [2. 0. 0. 1. 1. 0. 0.]]Building Board!
[[0. 0. 0. 0. 0. 0. 0.]
 [0. 0. 0. 0. 0. 0. 0.]
 [0. 0. 0. 0. 0. 0. 0.]
 [0. 0. 0. 0. 2. 0. 0.]
 [0. 0. 0. 2. 1. 0. 0.]
 [2. 0. 0. 1. 1. 1. 0.]]Building Board!
[[0. 0. 0. 0. 0. 0. 0.]
 [0. 0. 0. 0. 0. 0. 0.]
 [0. 0. 0. 0. 0. 0. 0.]
 [0. 0. 0. 0. 2. 0. 0.]
 [2. 0. 0. 2. 1. 0. 0.]
 [2. 0. 0. 1. 1. 1. 0.]]Building Board!
[[0. 0. 0. 0. 0. 0. 0.]
 [0. 0. 0. 0. 0. 0. 0.]
 [0. 0. 0. 0. 0. 0. 0.]
 [0. 0. 0. 0. 2. 0. 0.]
 [2. 0. 0. 2. 1. 1. 0.]
 [2. 0. 0. 1. 1. 1. 0.]]Building Board!
[[0. 0. 0. 0. 0. 0. 0.]
 [0. 0. 0. 0. 0. 0. 0.]
 [0. 0. 0. 0. 0. 0. 0.]
 [0. 0. 0. 0. 2. 0. 0.]
 [2. 0. 0. 2. 1. 1. 0.]
 [2. 0. 2. 1. 1. 1. 0.]]Building Board!
[[0. 0. 0. 0. 0. 0. 0.]
 [0. 0. 0. 0. 0. 0. 0.]
 [0. 0. 0. 0. 0. 0. 0.]
 [0. 0. 0. 0. 2. 1. 0.]
 [2. 0. 0. 2. 1. 1. 0.]
 [2. 0. 2. 1. 1. 1. 0.]]Building Board!
[[0. 0. 0. 0. 0. 0. 0.]
 [0. 0. 0. 0. 0. 0. 0.]
 [0. 0. 0. 0. 2. 0. 0.]
 [0. 0. 0. 0. 2. 1. 0.]
 [2. 0. 0. 2. 1. 1. 0.]
 [2. 0. 2. 1. 1. 1. 0.]]Building Board!
PLAYER ONE WINS
[[0. 0. 0. 0. 0. 0. 0.]
 [0. 0. 0. 0. 0. 0. 0.]
 [0. 0. 0. 0. 2. 1. 0.]
 [0. 0. 0. 0. 2. 1. 0.]
 [2. 0. 0. 2. 1. 1. 0.]
 [2. 0. 2. 1. 1. 1. 0.]]Building Board!
[[0. 0. 0. 0. 0. 0. 0.]
 [0. 0. 0. 0. 2. 0. 0.]
 [0. 0. 0. 0. 2. 1. 0.]
 [0. 0. 0. 0. 2. 1. 0.]
 [2. 0. 0. 2. 1. 1. 0.]
 [2. 0. 2. 1. 1. 1. 0.]]Building Board!
[[0. 0. 0. 0. 0. 0. 0.]
 [0. 0. 0. 0. 0. 0. 0.]
 [0. 0. 0. 0. 0. 0. 0.]
 [0. 0. 0. 0. 0. 0. 0.]
 [0. 0. 0. 0. 0. 0. 0.]
 [0. 0. 0. 0. 0. 0. 0.]]Building Board!
[[0. 0. 0. 0. 0. 0. 0.]
 [0. 0. 0. 0. 0. 0. 0.]
 [0. 0. 0. 0. 0. 0. 0.]
 [0. 0. 0. 0. 0. 0. 0.]
 [0. 0. 0. 0. 0. 0. 0.]
 [0. 0. 1. 0. 0. 0. 0.]]Building Board!
[[0. 0. 0. 0. 0. 0. 0.]
 [0. 0. 0. 0. 0. 0. 0.]
 [0. 0. 0. 0. 0. 0. 0.]
 [0. 0. 0. 0. 0. 0. 0.]
 [0. 0. 0. 0. 0. 0. 0.]
 [0. 0. 1. 2. 0. 0. 0.]]Building Board!
[[0. 0. 0. 0. 0. 0. 0.]
 [0. 0. 0. 0. 0. 0. 0.]
 [0. 0. 0. 0. 0. 0. 0.]
 [0. 0. 0. 0. 0. 0. 0.]
 [0. 0. 0. 1. 0. 0. 0.]
 [0. 0. 1. 2. 0. 0. 0.]]Building Board!
[[0. 0. 0. 0. 0. 0. 0.]
 [0. 0. 0. 0. 0. 0. 0.]
 [0. 0. 0. 0. 0. 0. 0.]
 [0. 0. 0. 2. 0. 0. 0.]
 [0. 0. 0. 1. 0. 0. 0.]
 [0. 0. 1. 2. 0. 0. 0.]]Building Board!
[[0. 0. 0. 0. 0. 0. 0.]
 [0. 0. 0. 0. 0. 0. 0.]
 [0. 0. 0. 0. 0. 0. 0.]
 [0. 0. 0. 2. 0. 0. 0.]
 [0. 0. 1. 1. 0. 0. 0.]
 [0. 0. 1. 2. 0. 0. 0.]]Building Board!
[[0. 0. 0. 0. 0. 0. 0.]
 [0. 0. 0. 0. 0. 0. 0.]
 [0. 0. 0. 0. 0. 0. 0.]
 [0. 0. 2. 2. 0. 0. 0.]
 [0. 0. 1. 1. 0. 0. 0.]
 [0. 0. 1. 2. 0. 0. 0.]]Building Board!
[[0. 0. 0. 0. 0. 0. 0.]
 [0. 0. 0. 0. 0. 0. 0.]
 [0. 0. 0. 0. 0. 0. 0.]
 [0. 0. 2. 2. 0. 0. 0.]
 [0. 0. 1. 1. 0. 0. 0.]
 [0. 0. 1. 2. 1. 0. 0.]]Building Board!
[[0. 0. 0. 0. 0. 0. 0.]
 [0. 0. 0. 0. 0. 0. 0.]
 [0. 0. 0. 2. 0. 0. 0.]
 [0. 0. 2. 2. 0. 0. 0.]
 [0. 0. 1. 1. 0. 0. 0.]
 [0. 0. 1. 2. 1. 0. 0.]]Building Board!
[[0. 0. 0. 0. 0. 0. 0.]
 [0. 0. 0. 0. 0. 0. 0.]
 [0. 0. 0. 2. 0. 0. 0.]
 [0. 0. 2. 2. 0. 0. 0.]
 [0. 0. 1. 1. 0. 0. 0.]
 [0. 0. 1. 2. 1. 1. 0.]]Building Board!
[[0. 0. 0. 0. 0. 0. 0.]
 [0. 0. 0. 2. 0. 0. 0.]
 [0. 0. 0. 2. 0. 0. 0.]
 [0. 0. 2. 2. 0. 0. 0.]
 [0. 0. 1. 1. 0. 0. 0.]
 [0. 0. 1. 2. 1. 1. 0.]]Building Board!
[[0. 0. 0. 0. 0. 0. 0.]
 [0. 0. 0. 2. 0. 0. 0.]
 [0. 0. 0. 2. 0. 0. 0.]
 [0. 0. 2. 2. 0. 0. 0.]
 [0. 0. 1. 1. 1. 0. 0.]
 [0. 0. 1. 2. 1. 1. 0.]]Building Board!
PLAYER TWO WINS
[[0. 0. 0. 2. 0. 0. 0.]
 [0. 0. 0. 2. 0. 0. 0.]
 [0. 0. 0. 2. 0. 0. 0.]
 [0. 0. 2. 2. 0. 0. 0.]
 [0. 0. 1. 1. 1. 0. 0.]
 [0. 0. 1. 2. 1. 1. 0.]]Building Board!
